61
59.09
374.89
195.45
185.76
268.61
257.5
475.51
77.3
88.71
108.17
94.68
244.09
230.68
371.02
160.39
104.98
102.98
140.19
193.65
278.73
70.55
782.22
46.23
126.49
110.05
294.19
433.89
211.38
266.5
71.77
65.52
71.61
155.5
83.51
148.43
46.23
77.65
104.15
351.78
194.68
151.65
185.45
120.42
367.76
146.81
73.79
440.7
330.09
97.99
53.46
279.9
122.81
42.93
515.66
56.11
74.79
188.15
278.06
95.53
55.33
58.45
640.59
409.49
87.19
59
71.64
121.69
96.96
301.43
68.98
276.55
497.87
232.75
52.2
144.24
86.43
106.6
183.82
219.18
36.84
138.03
296.37
38.5
48.3
59.97
109.63
143.99
103.88
58.92
375.37
476.9
194.11
137.52
198.48
166.61
122.28
142.56
98.72
152.64
