4.656814 
6.014883 
6.428434 
5.686501 
11.987569 
5.870913 
2.100349 
7.378876 
2.484076 
6.101241 
3.174729 
0.497564 
11.004532 
0.760869 
9.253497 
4.658757 
4.795951 
10.993093 
2.469149 
10.394866 
14.769359 
0.980913 
10.306204 
1.026413 
6.904227 
4.103951 
3.929517 
10.383771 
11.458744 
1.180055 
4.382071 
2.426122 
4.930721 
4.516303 
5.093903 
12.990249 
2.951109 
5.954384 
5.829682 
1.254862 
11.032662 
5.576543 
3.011622 
3.865784 
2.327377 
3.004849 
4.660232 
8.298729 
12.737653 
4.222527 
6.229650 
8.155184 
11.446040 
2.620547 
1.184614 
9.420192 
4.315647 
4.949789 
6.242781 
3.347384 
6.907349 
3.355915 
2.357072 
2.155317 
5.460337 
4.760845 
5.030179 
3.128071 
5.223517 
4.292819 
1.543910 
3.579003 
4.312571 
2.584657 
5.737704 
0.753301 
5.938333 
2.400200 
4.175449 
4.455435 
9.200044 
5.659598 
2.140169 
6.640076 
4.394582 
5.489026 
4.096255 
5.542054 
8.689854 
6.367407 
1.481200 
8.028413 
7.349516 
6.896373 
2.544529 
2.976227 
0.906909 
12.158375 
5.691906 
2.100489 
1.733097 
2.745205 
19.671284 
1.345606 
4.389047 
5.189644 
1.274397 
5.934804 
2.305092 
4.599067 
6.222120 
7.084890 
2.579171 
2.902741 
5.151796 
3.137151 
2.923691 
3.942328 
7.791863 
14.415389 
3.484967 
1.973567 
1.283546 
1.204309 
7.854334 
3.098846 
10.546464 
4.879318 
4.553759 
5.384638 
4.147986 
3.700329 
6.170717 
10.255341 
3.002370 
6.734130 
2.930525 
3.793155 
9.674366 
2.199055 
6.337209 
17.276605 
5.540681 
6.079497 
1.148575 
4.245595 
3.352689 
8.082637 
3.333850 
3.492904 
4.651860 
8.642003 
7.832168 
4.666617 
4.564170 
6.115095 
7.101211 
4.221198 
13.433960 
5.557487 
3.985911 
12.335807 
5.967036 
1.170987 
2.664849 
3.713739 
0.922171 
4.976462 
2.088576 
3.960782 
4.806903 
8.434725 
5.635210 
12.645003 
6.031094 
8.669571 
6.982456 
4.236648 
1.777122 
5.536595 
5.842232 
7.041082 
4.517612 
5.230249 
8.464337 
0.347790 
5.157558 
4.205863 
1.651397 
1.623851 
3.962848 
1.407349 
11.431536 
8.908180 
3.550192 
7.297390 
3.314864 
1.073525 
4.018329 
17.106246 
4.788424 
3.477520 
2.450413 
2.377023 
8.793887 
6.755603 
5.152078 
2.831498 
2.729407 
7.639038 
1.896080 
5.424896 
5.336340 
4.295817 
8.440011 
7.270649 
2.900323 
2.639634 
2.489507 
2.474000 
10.739474 
2.872173 
0.671095 
5.771876 
3.393426 
1.911843 
5.117636 
3.447063 
5.449010 
4.773713 
6.039977 
5.244583 
4.060279 
6.311569 
3.465463 
3.519335 
3.577328 
1.000764 
2.823162 
6.644340 
3.766277 
3.187467 
6.919024 
5.298725 
3.918623 
2.056984 
12.920315 
2.019614 
2.315676 
2.777137 
11.303012 
9.838962 
4.168331 
6.024946 
2.643131 
7.624393 
3.461137 
13.773772 
3.258428 
3.349844 
6.145316 
2.485633 
3.065049 
3.001791 
1.966356 
3.418145 
9.152237 
1.207407 
7.085922 
4.975412 
3.564799 
10.902103 
8.029334 
4.712434 
6.730867 
0.279843 
6.155803 
5.390053 
5.286317 
6.243222 
3.287605 
8.563654 
6.290277 
10.819726 
7.425021 
3.970806 
3.747126 
2.537629 
15.658336 
4.216046 
2.066664 
6.698432 
5.600214 
2.420824 
2.925289 
1.649305 
8.811683 
3.750178 
4.877940 
6.088366 
2.993105 
5.284869 
0.466972 
5.229343 
4.853867 
9.974048 
1.864365 
5.726308 
3.202035 
2.645628 
15.009419 
2.960143 
2.329287 
2.043244 
7.053029 
1.645412 
2.287682 
5.399886 
2.529171 
6.301069 
5.019759 
2.431337 
5.820298 
4.409863 
1.839689 
5.966875 
6.628561 
1.292581 
3.657771 
0.841575 
3.704039 
3.642213 
2.748129 
2.882126 
2.164811 
5.272642 
1.818112 
8.512616 
7.855911 
3.064458 
2.604968 
6.599141 
2.591262 
3.820913 
4.289038 
1.359674 
3.137677 
10.192025 
6.076966 
5.585884 
2.820962 
1.585628 
3.956263 
4.530616 
6.211517 
3.941303 
3.846162 
6.140337 
3.247114 
2.913135 
1.146728 
4.064751 
7.977163 
2.406123 
7.190559 
6.296801 
2.476910 
3.262630 
8.283564 
1.934214 
6.094075 
8.886994 
5.407855 
2.977387 
4.609321 
5.667874 
1.951971 
1.220668 
5.723860 
6.318540 
0.810554 
0.812920 
5.651297 
7.739310 
6.654833 
9.781578 
5.794822 
5.091599 
5.158906 
3.209605 
0.326325 
1.643424 
11.550476 
3.577706 
6.169740 
2.216297 
5.601000 
3.213912 
1.106453 
6.940098 
2.787742 
6.331763 
14.769310 
4.230034 
3.358739 
3.101478 
2.362293 
4.537415 
7.959989 
0.790505 
3.815359 
5.115143 
9.611367 
1.968190 
7.604042 
8.519987 
3.956513 
3.028653 
0.447298 
3.514793 
7.344539 
5.667038 
4.158071 
2.655477 
3.440663 
7.237522 
1.649039 
1.042097 
1.202730 
6.754426 
5.988850 
2.888883 
6.609745 
6.043524 
5.553694 
2.333636 
2.335636 
0.948445 
0.959991 
3.124065 
7.939250 
0.958352 
1.601566 
4.969808 
3.454694 
1.216563 
5.047418 
8.007619 
3.013233 
2.055317 
8.352308 
4.074787 
3.689321 
2.905145 
5.684489 
2.269270 
1.334869 
1.804194 
5.790293 
15.324367 
7.672003 
3.453105 
2.660333 
10.948993 
1.016912 
12.640929 
3.303541 
7.408826 
3.865339 
4.439461 
4.709702 
2.772404 
2.706503 
2.042617 
1.318272 
3.957812 
11.490311 
10.754545 
5.416241 
1.259676 
4.512708 
3.967749 
6.588186 
9.838271 
4.941894 
1.145532 
7.155578 
4.063224 
4.010213 
4.920464 
11.281355 
3.647544 
3.405262 
5.665020 
13.032542 
6.821185 
9.705722 
3.813633 
0.670333 
3.756851 
4.146299 
5.230826 
1.304333 
1.791389 
4.432768 
7.465293 
3.397325 
1.900712 
3.383081 
1.607247 
6.504983 
4.407658 
8.372380 
5.218735 
4.581753 
7.271589 
2.237247 
9.282441 
1.970904 
12.575326 
2.456632 
2.965376 
4.353459 
4.664912 
1.641070 
9.718940 
4.593839 
3.242302 
6.217089 
1.094812 
15.050728 
2.162193 
1.925680 
7.079058 
5.390721 
2.866583 
1.731892 
4.320704 
2.508006 
3.074947 
2.624160 
1.174751 
4.064541 
5.300340 
1.486857 
0.934131 
3.363567 
10.326682 
2.767305 
9.144748 
2.626023 
14.976471 
7.878971 
1.334600 
3.510530 
10.505379 
3.921578 
3.241545 
0.439070 
5.813081 
6.363791 
6.179079 
4.077766 
3.131141 
4.525484 
1.410937 
15.951126 
3.632739 
1.835895 
2.310497 
1.906889 
7.991851 
5.676720 
1.666598 
2.007174 
13.091211 
6.204012 
8.187679 
1.749201 
4.477641 
3.992352 
5.091021 
3.226650 
1.881187 
3.070709 
3.028259 
8.115026 
9.077719 
8.378156 
4.416536 
2.253284 
1.905881 
7.540531 
5.374295 
3.124739 
18.471767 
4.245689 
0.587730 
5.384524 
5.036903 
4.728559 
7.777591 
4.828766 
7.979519 
6.288010 
1.918996 
3.934876 
10.268404 
3.976400 
1.208181 
5.461275 
8.170778 
6.046629 
5.085793 
6.330857 
15.686203 
4.504951 
7.238798 
8.742495 
8.300999 
7.257066 
3.149353 
6.111162 
2.773097 
0.892585 
6.012504 
4.456873 
2.280185 
3.945649 
3.602295 
1.895317 
6.559141 
2.037857 
12.827237 
9.474288 
0.908759 
3.259784 
7.136627 
8.254123 
6.404051 
0.485840 
7.207730 
6.239213 
8.925598 
9.454769 
1.575270 
5.653572 
3.555115 
2.597611 
5.452014 
5.998982 
5.488376 
4.833901 
12.637580 
4.526582 
10.134285 
6.675325 
3.234748 
5.541603 
4.440597 
10.389164 
11.416802 
2.428731 
3.671553 
5.724274 
4.262629 
3.812967 
1.499886 
1.480052 
6.269183 
1.647604 
3.540354 
5.327452 
7.803245 
3.323704 
2.474713 
2.085372 
7.229195 
2.447270 
2.789290 
5.504727 
2.531758 
8.819046 
20.851013 
3.951060 
1.638920 
9.505265 
7.457809 
12.992410 
7.299249 
1.052463 
3.667428 
2.618821 
3.929572 
3.971558 
14.351567 
4.092960 
4.254169 
1.300116 
9.114099 
3.604159 
2.785527 
2.772943 
2.652678 
10.428701 
5.765415 
5.503847 
2.461159 
0.724985 
4.150030 
1.915773 
3.769292 
2.012518 
3.196498 
3.575082 
3.321913 
3.947875 
2.962572 
1.110976 
3.617862 
4.318487 
7.675547 
0.792989 
5.386381 
3.242729 
5.110841 
4.914267 
4.692385 
5.233730 
2.410820 
1.819750 
1.221532 
1.358957 
5.307975 
2.820934 
4.663529 
8.501561 
2.089931 
2.645889 
4.350086 
8.035031 
2.448021 
5.477868 
10.803337 
4.481117 
0.585927 
1.913408 
11.891891 
3.367049 
2.081159 
4.322380 
3.312012 
2.257211 
5.922836 
3.169710 
0.541624 
6.822804 
10.121797 
0.614919 
1.580109 
3.385211 
6.237524 
2.628231 
4.566638 
2.493972 
4.583924 
1.674679 
4.497113 
6.294578 
4.473726 
7.286291 
3.314520 
4.036006 
2.864123 
5.343330 
2.396136 
8.014595 
4.634741 
9.275362 
1.823675 
4.384214 
7.335306 
4.315099 
4.408203 
5.272107 
1.461609 
4.856603 
12.555886 
9.121563 
3.487924 
8.020309 
2.163349 
3.625100 
3.483729 
11.773997 
1.148143 
3.404307 
4.835906 
2.836590 
8.404702 
4.246535 
5.209348 
7.779848 
7.835309 
4.920514 
6.988107 
3.206484 
6.992314 
3.817639 
4.398071 
5.311450 
7.354264 
3.401914 
9.232487 
5.387759 
5.371015 
5.146967 
1.735416 
3.888383 
1.904582 
6.133344 
4.314373 
2.815721 
4.857319 
1.252814 
3.830824 
3.392514 
4.580966 
9.301672 
10.152963 
4.757330 
7.240868 
9.251018 
13.942741 
4.248043 
6.840262 
7.104646 
6.031848 
3.807460 
1.781062 
9.349480 
1.387653 
14.116456 
3.408273 
2.954965 
9.734242 
6.658196 
2.934016 
5.350841 
6.438879 
11.812377 
9.204147 
3.930213 
0.813449 
2.506967 
3.574749 
6.435571 
2.422444 
6.111659 
6.152520 
11.255101 
3.157510 
2.740340 
2.459622 
5.195018 
2.852476 
1.097184 
1.660613 
3.019423 
7.706098 
6.310764 
5.663933 
2.703728 
2.808464 
8.895008 
4.500098 
4.979539 
3.320549 
2.222324 
1.599489 
10.992322 
5.497032 
2.891535 
7.360797 
5.307109 
4.060351 
2.500819 
1.067432 
5.780754 
4.832213 
6.848633 
3.454884 
12.148130 
4.803375 
0.731259 
5.873137 
7.355476 
0.463058 
3.684013 
4.404765 
5.613733 
3.386905 
8.901221 
6.084777 
7.523666 
3.132113 
6.774645 
2.348957 
6.169058 
2.830182 
4.184483 
4.674781 
2.866125 
5.673048 
1.635229 
5.204758 
1.984637 
7.168063 
8.329775 
2.111642 
6.311544 
6.421969 
1.774878 
3.635654 
6.228529 
4.575395 
3.372825 
7.570185 
8.908663 
3.319134 
3.269956 
4.080758 
4.018305 
2.602270 
6.911320 
7.024452 
2.004663 
6.479061 
5.911450 
5.936522 
7.956295 
1.995554 
5.942217 
4.447073 
6.594581 
10.187253 
2.032906 
2.011357 
5.430952 
1.923182 
3.892611 
7.320184 
7.115958 
11.641688 
1.584612 
5.540260 
2.632216 
3.412038 
8.668505 
2.529303 
4.988166 
2.293159 
10.131072 
5.515345 
4.426820 
7.779554 
3.766336 
2.764556 
1.723762 
2.788762 
12.053774 
10.265706 
2.128150 
3.045996 
3.706909 
6.133224 
5.040117 
2.278057 
6.314902 
5.976208 
4.223959 
11.429913 
0.989496 
3.251525 
2.297017 
5.863941 
4.345317 
3.824478 
1.021166 
3.395398 
3.340496 
4.527544 
7.189084 
4.169270 
2.014434 
3.020277 
3.622502 
7.576596 
1.772844 
7.117991 
