39.492 
37.489 
36.617 
40.072 
30.371 
40.202 
39.787 
38.997 
38.127 
35.482 
35.135 
31.502 
31.191 
36.623 
30.925 
34.249 
30.342 
31.420 
40.040 
38.402 
31.386 
38.223 
33.607 
35.133 
38.353 
37.722 
36.488 
33.857 
39.899 
37.522 
31.752 
30.814 
38.728 
35.428 
31.175 
34.927 
31.047 
32.626 
40.397 
38.713 
35.225 
40.300 
37.027 
40.079 
34.505 
38.511 
37.336 
30.895 
34.849 
30.779 
31.936 
37.361 
39.398 
31.195 
34.820 
37.638 
30.300 
37.481 
36.920 
30.870 
38.728 
31.634 
35.528 
31.586 
39.912 
39.094 
38.124 
39.317 
34.913 
30.952 
36.752 
35.933 
31.877 
39.627 
36.192 
40.448 
38.238 
36.133 
31.026 
34.341 
31.993 
30.551 
30.777 
39.845 
39.548 
33.693 
30.939 
32.755 
35.297 
31.387 
39.478 
39.385 
38.230 
30.638 
32.369 
38.197 
32.795 
30.939 
39.306 
30.350 
35.554 
38.271 
35.935 
33.921 
40.181 
32.297 
37.674 
32.229 
37.555 
30.810 
34.287 
36.799 
31.270 
30.366 
39.085 
35.876 
39.432 
31.645 
31.289 
32.750 
38.329 
32.849 
40.205 
32.197 
33.736 
32.792 
31.334 
32.796 
39.758 
31.711 
30.471 
30.766 
38.879 
37.663 
32.697 
39.811 
32.744 
39.053 
32.597 
31.774 
33.690 
40.475 
39.274 
36.475 
31.665 
33.281 
39.611 
35.738 
34.679 
39.965 
38.242 
39.667 
40.499 
35.461 
32.838 
30.406 
34.400 
30.879 
31.859 
32.198 
34.006 
34.968 
39.218 
31.967 
40.190 
30.477 
31.342 
31.395 
35.674 
31.919 
32.811 
30.975 
31.176 
31.253 
30.329 
38.836 
35.049 
31.798 
38.530 
35.225 
39.187 
39.152 
31.860 
33.561 
31.645 
30.380 
39.651 
35.636 
31.788 
30.804 
30.327 
40.463 
31.233 
38.165 
37.749 
30.308 
32.036 
30.829 
36.910 
40.466 
39.080 
40.487 
30.489 
30.319 
31.476 
38.110 
31.357 
32.692 
38.673 
39.781 
31.611 
31.934 
34.233 
39.783 
30.333 
36.741 
38.330 
40.177 
30.385 
35.110 
39.537 
40.475 
36.555 
33.828 
30.372 
32.834 
37.342 
30.348 
30.573 
36.988 
37.501 
31.568 
34.827 
37.017 
31.157 
33.388 
37.599 
33.884 
39.464 
36.993 
32.781 
30.648 
36.871 
34.049 
40.103 
36.998 
40.256 
31.268 
40.439 
32.841 
34.524 
30.311 
32.588 
40.437 
30.343 
31.678 
40.118 
31.509 
40.362 
31.434 
37.342 
36.459 
30.424 
39.673 
33.347 
31.499 
33.689 
37.267 
35.907 
39.412 
32.044 
32.827 
34.321 
39.887 
36.001 
30.310 
40.018 
39.961 
40.490 
33.578 
32.898 
34.679 
40.413 
40.159 
33.759 
39.872 
30.633 
34.828 
40.137 
30.726 
38.430 
35.635 
37.592 
39.180 
36.957 
38.150 
37.145 
39.158 
40.335 
39.612 
