67.689 
93.428 
28.811 
90.729 
96.946 
92.646 
51.996 
17.480 
7.002 
54.451 
45.612 
87.604 
25.199 
32.532 
94.518 
94.990 
94.872 
85.610 
32.868 
68.505 
35.122 
31.007 
93.817 
62.095 
95.718 
43.278 
34.678 
88.496 
79.947 
31.898 
32.917 
92.113 
21.070 
57.021 
26.724 
94.211 
32.454 
93.884 
16.752 
33.674 
99.097 
95.810 
83.289 
38.545 
94.646 
27.655 
98.223 
94.171 
95.351 
99.942 
18.608 
95.162 
95.292 
59.377 
28.619 
52.044 
91.986 
20.897 
98.712 
35.232 
96.116 
31.898 
48.274 
95.011 
26.315 
100.782 
91.036 
36.855 
100.015 
41.056 
46.534 
47.193 
27.841 
51.307 
98.890 
48.885 
29.996 
14.798 
93.957 
37.094 
45.674 
89.700 
41.842 
83.723 
18.254 
51.038 
95.772 
68.760 
95.099 
39.151 
100.567 
86.966 
45.311 
38.878 
79.363 
93.791 
93.695 
41.394 
99.282 
66.768 
45.960 
27.795 
84.174 
97.299 
42.745 
31.775 
98.365 
27.782 
33.134 
47.526 
94.317 
88.579 
94.140 
98.411 
73.782 
57.429 
104.806 
28.492 
46.167 
35.497 
90.755 
98.617 
23.189 
89.336 
92.121 
93.603 
97.427 
45.682 
86.404 
23.573 
98.049 
99.746 
46.347 
66.328 
21.811 
68.715 
19.514 
91.522 
96.888 
59.736 
92.462 
15.297 
92.971 
37.350 
10.260 
20.220 
95.345 
118.558 
90.102 
82.042 
39.720 
31.660 
89.169 
62.401 
96.009 
73.114 
99.381 
20.134 
34.566 
81.790 
9.750 
46.308 
50.658 
52.245 
51.023 
90.771 
64.518 
87.760 
98.306 
42.037 
95.374 
93.544 
9.953 
102.318 
85.861 
96.413 
38.803 
94.084 
57.424 
31.792 
38.815 
96.021 
31.478 
91.371 
33.913 
35.827 
31.112 
42.128 
26.005 
101.094 
100.506 
55.669 
33.444 
36.580 
95.861 
43.284 
56.249 
41.160 
10.791 
52.727 
99.197 
94.075 
93.609 
58.953 
95.914 
100.543 
39.098 
42.220 
95.287 
95.832 
94.063 
70.409 
92.319 
94.993 
78.805 
20.629 
101.858 
100.037 
90.621 
35.755 
42.307 
59.310 
100.523 
89.278 
89.728 
19.313 
98.431 
101.740 
42.599 
39.787 
41.225 
98.339 
90.434 
28.449 
38.332 
56.267 
90.996 
95.402 
33.793 
14.525 
102.307 
46.316 
93.828 
48.230 
27.501 
17.365 
21.046 
90.859 
93.863 
63.564 
