19.482 
12.837 
15.088 
15.743 
12.744 
12.225 
15.110 
12.446 
16.212 
12.415 
11.195 
10.946 
17.840 
13.092 
11.329 
18.958 
16.411 
12.585 
15.871 
14.311 
20.522 
11.210 
15.583 
15.503 
15.843 
19.055 
11.968 
13.586 
13.535 
11.195 
13.245 
12.693 
16.853 
12.681 
12.570 
12.706 
14.304 
18.078 
10.635 
16.027 
14.079 
11.532 
12.812 
13.039 
13.207 
17.781 
14.710 
15.053 
17.514 
18.335 
18.184 
16.454 
16.383 
12.104 
12.399 
12.618 
16.140 
11.348 
19.021 
17.299 
14.577 
12.672 
16.279 
10.383 
11.562 
11.803 
12.379 
10.929 
11.387 
18.264 
11.710 
16.442 
14.670 
11.830 
21.248 
16.316 
16.996 
11.616 
13.899 
12.647 
13.825 
12.917 
15.207 
13.135 
13.681 
13.297 
10.504 
15.885 
13.046 
15.801 
17.243 
12.996 
14.302 
15.664 
13.425 
12.435 
13.532 
13.583 
14.131 
13.571 
15.030 
18.567 
13.047 
14.760 
16.078 
13.877 
15.652 
12.593 
12.121 
10.514 
11.547 
14.361 
14.732 
13.996 
16.411 
14.171 
13.302 
17.423 
11.332 
15.667 
14.663 
13.766 
15.776 
13.953 
11.965 
15.563 
15.535 
13.972 
17.081 
17.967 
15.237 
16.359 
14.565 
15.625 
12.931 
17.241 
14.775 
13.686 
15.160 
17.752 
16.238 
13.263 
16.207 
16.101 
14.577 
24.069 
12.227 
19.228 
16.419 
16.218 
10.863 
13.872 
17.910 
16.620 
13.583 
12.026 
12.093 
19.041 
17.388 
18.592 
13.603 
18.025 
14.229 
17.643 
14.469 
17.108 
14.688 
11.212 
13.600 
15.522 
13.521 
15.019 
14.088 
16.268 
12.372 
13.809 
14.744 
12.304 
12.053 
17.260 
12.635 
13.173 
16.626 
11.969 
16.426 
19.366 
15.582 
15.958 
10.629 
15.178 
17.542 
12.349 
14.764 
13.311 
12.942 
13.049 
16.545 
12.885 
14.189 
12.778 
