11.123 
13.945 
10.705 
8.910 
7.900 
10.324 
11.151 
8.461 
11.188 
8.776 
12.707 
8.563 
9.711 
12.673 
9.488 
8.846 
13.591 
8.203 
8.253 
8.457 
12.956 
10.156 
11.680 
9.847 
9.478 
9.193 
11.780 
10.462 
10.873 
7.947 
8.656 
10.213 
12.235 
9.379 
13.852 
11.973 
8.609 
12.309 
10.963 
8.665 
12.443 
6.971 
6.665 
11.820 
13.666 
12.248 
9.659 
11.454 
7.468 
10.187 
8.542 
7.966 
9.115 
9.395 
9.369 
13.257 
13.807 
6.469 
7.607 
9.264 
6.476 
13.608 
9.006 
8.702 
9.054 
9.416 
11.011 
9.828 
10.040 
14.281 
7.515 
8.953 
11.676 
8.449 
6.836 
13.543 
10.819 
8.119 
7.669 
14.654 
9.528 
8.133 
10.783 
9.997 
9.496 
11.411 
8.900 
11.146 
12.109 
11.806 
9.117 
10.921 
9.140 
8.646 
11.130 
12.365 
10.572 
9.605 
11.057 
12.800 
