0.292595 
0.359317 
0.236801 
0.058397 
0.131230 
0.117408 
0.942464 
0.546960 
0.853324 
0.841611 
0.131596 
0.820349 
0.955073 
0.114044 
0.467907 
0.536651 
0.296867 
0.188398 
0.180967 
0.974084 
0.872459 
0.888194 
0.997361 
0.841232 
0.744183 
0.744307 
0.245851 
0.460850 
0.017927 
0.228514 
0.774254 
0.412437 
0.723065 
0.658238 
0.162606 
0.853864 
0.760616 
0.131801 
0.974882 
0.796023 
0.668885 
0.449373 
0.340896 
0.084537 
0.320358 
0.953885 
0.875873 
0.304888 
0.549459 
0.901007 
0.443988 
0.280587 
0.717623 
0.940304 
0.597053 
0.553184 
0.514142 
0.321841 
0.647232 
0.636397 
0.899559 
0.936665 
0.623865 
0.928406 
0.014290 
0.298284 
0.262787 
0.460583 
0.531432 
0.598093 
0.357386 
0.240427 
0.309087 
0.147756 
0.003486 
0.420523 
0.376283 
0.065744 
0.931879 
0.562038 
0.592029 
0.957607 
0.160560 
0.693298 
0.233000 
0.955548 
0.989731 
0.393238 
0.923481 
0.215828 
0.564623 
0.894727 
0.273026 
0.347562 
0.724904 
0.284374 
0.998659 
0.815931 
0.606041 
0.662199 
