28.709 
36.238 
39.014 
19.182 
36.723 
38.247 
22.964 
30.055 
22.055 
34.201 
21.075 
22.973 
22.967 
32.439 
25.763 
20.113 
23.849 
37.029 
20.577 
32.525 
23.544 
20.483 
25.085 
27.701 
36.896 
24.915 
19.461 
30.102 
35.985 
18.570 
32.139 
20.425 
23.486 
22.452 
17.862 
33.213 
27.081 
37.280 
27.149 
37.212 
21.486 
21.726 
23.366 
28.885 
23.734 
21.724 
24.297 
27.838 
18.614 
31.793 
25.597 
19.446 
33.578 
23.123 
23.992 
29.156 
28.407 
20.144 
28.888 
22.901 
20.353 
32.681 
34.151 
18.848 
23.570 
18.516 
32.509 
34.985 
21.219 
19.341 
19.648 
27.584 
24.883 
35.892 
23.004 
33.516 
27.332 
36.955 
20.158 
27.933 
23.539 
18.843 
34.139 
16.445 
33.080 
21.127 
19.718 
24.760 
22.862 
34.909 
20.748 
26.911 
19.412 
28.989 
27.119 
27.425 
20.985 
24.372 
21.829 
28.331 
